group_name,category,stall_number,company_code,company_code_id,product_code,product_name,name,packaging,qty_per_carton,inner_box,outer_carton_length_cm,outer_carton_width_cm,outer_carton_height_cm,package_length_cm,package_width_cm,package_height_cm,volume_cbm,chargeable_unit_cn,gross_weight_kg,net_weight_kg,price,price_raw,priceValue,lower_price,higher_price,price/chargeable_unit,excel_row,priceRight,marketTag,tags,image,markdown,id,sku,href
Electronic&InteractiveToys,2.4G 8-Wheel Spray Drift Stunt Car With Lights/Music/Spray,170807,YS1255329,1255329,888,2.4G 8-Wheel Spray Drift Stunt Car With Lights/Music/Spray (battery included),2.4G 8-Wheel Spray Drift Stunt Car With Lights/Music/Spray (battery included),Color Box,24,0,59.0,31.0,51.5,30.0,7.3,16.2,0.094,3.32,21.0,19.0,USD $111.20,111.2,111.2,111.2,,33.488,591,24,0,"1255329, 888, Color Box",Electronic&InteractiveToys/2.4G 8-Wheel Spray Drift Stunt Car With LightsMusicSpray/170807/2.4G 8-Wheel Spray Drift Stunt Car With LightsMusicSpray (battery included)/image/2.4G 8-Wheel Spray Drift Stunt Car With LightsMusicSpray (battery included).jpg,Electronic&InteractiveToys/2.4G 8-Wheel Spray Drift Stunt Car With LightsMusicSpray/170807/2.4G 8-Wheel Spray Drift Stunt Car With LightsMusicSpray (battery included)/2.4G 8-Wheel Spray Drift Stunt Car With LightsMusicSpray (battery included).md,1255329-888-170807-591,888,
Electronic&InteractiveToys,2.4G 6-Wheel Spray Drift Stunt Car With Lights/Music/Spray,170807,YS1263623,1263623,999,2.4G 6-Wheel Spray Drift Stunt Car With Lights/Music/Spray (single remote control) (battery included),2.4G 6-Wheel Spray Drift Stunt Car With Lights/Music/Spray (single remote control) (battery included),Color Box,36,0,51.0,47.0,53.0,24.0,7.3,16.5,0.127,4.48,25.0,22.5,USD $102.50,102.5,102.5,102.5,,22.871,603,36,0,"1263623, 999, Color Box",Electronic&InteractiveToys/2.4G 6-Wheel Spray Drift Stunt Car With LightsMusicSpray/170807/2.4G 6-Wheel Spray Drift Stunt Car With LightsMusicSpray (single remote control)/image/2.4G 6-Wheel Spray Drift Stunt Car With LightsMusicSpray (single remote control).jpg,Electronic&InteractiveToys/2.4G 6-Wheel Spray Drift Stunt Car With LightsMusicSpray/170807/2.4G 6-Wheel Spray Drift Stunt Car With LightsMusicSpray (single remote control)/2.4G 6-Wheel Spray Drift Stunt Car With LightsMusicSpray (single remote control).md,1263623-999-170807-603,999,
Electronic&InteractiveToys,Soft Rubber Rattles,220506,YS1710339,1710339,898-Y24,"Soft Rubber Rattles (6 large flowers, 6 hand balls each) 12PCS Whole Box Price","Soft Rubber Rattles (6 large flowers, 6 hand balls each) 12PCS Whole Box Price",Display Box,24,2,63.0,28.5,60.5,27.4,20.5,7.3,0.109,3.83,13.8,12.6,USD $72.00,72.0,72.0,72.0,,18.783,1728,24,2,"1710339, 898-Y24, Display Box","Electronic&InteractiveToys/Soft Rubber Rattles/220506/Soft Rubber Rattles (6 large flowers, 6 hand balls each) 12PCS Whole Box Price/image/Soft Rubber Rattles (6 large flowers, 6 hand balls each) 12PCS Whole Box Price.jpg","Electronic&InteractiveToys/Soft Rubber Rattles/220506/Soft Rubber Rattles (6 large flowers, 6 hand balls each) 12PCS Whole Box Price/Soft Rubber Rattles (6 large flowers, 6 hand balls each) 12PCS Whole Box Price.md",1710339-898-Y24-220506-1728,898-Y24,
Electronic&InteractiveToys,"Magnetic Deformation Robot In Red, White, Blue And Yellow Colors",210203,YS1723514,1723514,8867,"Magnetic Deformation Robot In Red, White, Blue And Yellow Colors","Magnetic Deformation Robot In Red, White, Blue And Yellow Colors",Color Box,18,0,73.5,43.5,54.0,42.0,8.0,26.0,0.173,6.09,16.0,14.0,USD $108.00,108.0,108.0,108.0,,17.719,1976,18,0,"1723514, 8867, Color Box","Electronic&InteractiveToys/Magnetic Deformation Robot In Red, White, Blue And Yellow Colors/210203/Magnetic Deformation Robot In Red, White, Blue And Yellow Colors/image/Magnetic Deformation Robot In Red, White, Blue And Yellow Colors.jpg","Electronic&InteractiveToys/Magnetic Deformation Robot In Red, White, Blue And Yellow Colors/210203/Magnetic Deformation Robot In Red, White, Blue And Yellow Colors/Magnetic Deformation Robot In Red, White, Blue And Yellow Colors.md",1723514-8867-210203-1976,8867,
Electronic&InteractiveToys,UZI,230206,YS1728760,1728760,Y13-A,UZI,UZI,Sealed Box,24,0,62.5,33.5,57.0,32.0,7.5,18.5,0.119,4.21,13.0,12.0,USD $60.70,60.7,60.7,60.7,,14.395,2088,24,0,"1728760, Y13-A, Sealed Box",Electronic&InteractiveToys/UZI/230206/UZI/image/UZI.jpg,Electronic&InteractiveToys/UZI/230206/UZI/UZI.md,1728760-Y13-A-230206-2088,Y13-A,
Electronic&InteractiveToys,UZI,230206,YS1728761,1728761,Y13-B,UZI,UZI,Sealed Box,24,0,62.5,33.5,57.0,32.0,7.5,18.5,0.119,4.21,13.0,12.0,USD $60.70,60.7,60.7,60.7,,14.395,2089,24,0,"1728761, Y13-B, Sealed Box",Electronic&InteractiveToys/UZI/230206/UZI/image/UZI.jpg,Electronic&InteractiveToys/UZI/230206/UZI/UZI.md,1728761-Y13-B-230206-2089,Y13-B,
Electronic&InteractiveToys,2.4G Light Paddle Wheel Spray Double-Sided Stunt Car,121614-121615,YS1757625,1757625,YHD-49,"2.4G Light Paddle Wheel Spray Double-Sided Stunt Car (built-in rechargeable battery, equipped with usb cable, red and black 2 colors mixed)","2.4G Light Paddle Wheel Spray Double-Sided Stunt Car (built-in rechargeable battery, equipped with usb cable, red and black 2 colors mixed)",Gift Box,30,2,63.5,33.5,83.0,31.0,7.5,20.0,0.177,6.23,21.5,19.2,USD $84.20,84.2,84.2,84.2,,13.507,2726,30,2,"1757625, YHD-49, Gift Box",Electronic&InteractiveToys/2.4G Light Paddle Wheel Spray Double-Sided Stunt Car/121614-121615/2.4G Light Paddle Wheel Spray Double-Sided Stunt Car (built-in rechargeable batt/image/2.4G Light Paddle Wheel Spray Double-Sided Stunt Car (built-in rechargeable batt.jpg,Electronic&InteractiveToys/2.4G Light Paddle Wheel Spray Double-Sided Stunt Car/121614-121615/2.4G Light Paddle Wheel Spray Double-Sided Stunt Car (built-in rechargeable batt/2.4G Light Paddle Wheel Spray Double-Sided Stunt Car (built-in rechargeable batt.md,1757625-YHD-49-121614-121615-2726,YHD-49,
Electronic&InteractiveToys,UZI Big Ice Rat Electric Linked Spray Water Gun,230206,YS1728759,1728759,Y13,UZI Big Ice Rat Electric Linked Spray Water Gun (2 colors mixed),UZI Big Ice Rat Electric Linked Spray Water Gun (2 colors mixed),Sealed Box,24,0,62.5,33.5,57.0,32.0,7.5,18.5,0.119,4.21,13.0,12.0,USD $54.10,54.1,54.1,54.1,,12.842,2087,24,0,"1728759, Y13, Sealed Box",Electronic&InteractiveToys/UZI Big Ice Rat Electric Linked Spray Water Gun/230206/UZI Big Ice Rat Electric Linked Spray Water Gun (2 colors mixed)/image/UZI Big Ice Rat Electric Linked Spray Water Gun (2 colors mixed).jpg,Electronic&InteractiveToys/UZI Big Ice Rat Electric Linked Spray Water Gun/230206/UZI Big Ice Rat Electric Linked Spray Water Gun (2 colors mixed)/UZI Big Ice Rat Electric Linked Spray Water Gun (2 colors mixed).md,1728759-Y13-230206-2087,Y13,
Electronic&InteractiveToys,Wireless Bluetooth Radio Dual Microphone With Piano Light/Music/Muffler/Voice Change/Previous Song/Next Song/Pause/Play/Small Volume,261020-261021-261022,YS1727554,1727554,5098A,Wireless Bluetooth Radio Dual Microphone With Piano Light/Music/Muffler/Voice Change/Previous Song/Next Song/Pause/Play/Small Volume (battery not included),Wireless Bluetooth Radio Dual Microphone With Piano Light/Music/Muffler/Voice Change/Previous Song/Next Song/Pause/Play/Small Volume (battery not included),Color Box,48,2,75.0,26.0,109.0,23.2,8.7,17.0,0.213,7.5,30.8,28.8,USD $93.40,93.4,93.4,93.4,,12.441,2052,48,2,"1727554, 5098A, Color Box",Electronic&InteractiveToys/Wireless Bluetooth Radio Dual Microphone With Piano LightMusicMufflerVoice Chang/261020-261021-261022/Wireless Bluetooth Radio Dual Microphone With Piano LightMusicMufflerVoice Chang/image/Wireless Bluetooth Radio Dual Microphone With Piano LightMusicMufflerVoice Chang.jpg,Electronic&InteractiveToys/Wireless Bluetooth Radio Dual Microphone With Piano LightMusicMufflerVoice Chang/261020-261021-261022/Wireless Bluetooth Radio Dual Microphone With Piano LightMusicMufflerVoice Chang/Wireless Bluetooth Radio Dual Microphone With Piano LightMusicMufflerVoice Chang.md,1727554-5098A-261020-261021-261022-2052,5098A,
Electronic&InteractiveToys,"Wireless Bluetooth Radio With Dual Microphones, Lighting/Music/Silence/Voice Change/Previous Song/Next Song/Pause/Play/Volume",261020-261021-261022,YS1727555,1727555,5097A,"Wireless Bluetooth Radio With Dual Microphones, Lighting/Music/Silence/Voice Change/Previous Song/Next Song/Pause/Play/Volume (battery not included)","Wireless Bluetooth Radio With Dual Microphones, Lighting/Music/Silence/Voice Change/Previous Song/Next Song/Pause/Play/Volume (battery not included)",Color Box,48,2,75.0,26.0,109.0,23.2,8.7,17.0,0.213,7.5,30.8,28.8,USD $89.40,89.4,89.4,89.4,,11.917,2053,48,2,"1727555, 5097A, Color Box","Electronic&InteractiveToys/Wireless Bluetooth Radio With Dual Microphones, LightingMusicSilenceVoice Change/261020-261021-261022/Wireless Bluetooth Radio With Dual Microphones, LightingMusicSilenceVoice Change/image/Wireless Bluetooth Radio With Dual Microphones, LightingMusicSilenceVoice Change.jpg","Electronic&InteractiveToys/Wireless Bluetooth Radio With Dual Microphones, LightingMusicSilenceVoice Change/261020-261021-261022/Wireless Bluetooth Radio With Dual Microphones, LightingMusicSilenceVoice Change/Wireless Bluetooth Radio With Dual Microphones, LightingMusicSilenceVoice Change.md",1727555-5097A-261020-261021-261022-2053,5097A,
Electronic&InteractiveToys,"Wireless Bluetooth Radio With Dual Microphones, Lighting/Music/Silence/Voice Change/Previous Song/Next Song/Pause/Play/Volume",261020-261021-261022,YS1727556,1727556,5099A,"Wireless Bluetooth Radio With Dual Microphones, Lighting/Music/Silence/Voice Change/Previous Song/Next Song/Pause/Play/Volume (battery not included)","Wireless Bluetooth Radio With Dual Microphones, Lighting/Music/Silence/Voice Change/Previous Song/Next Song/Pause/Play/Volume (battery not included)",Color Box,48,2,75.0,26.0,109.0,23.2,8.7,17.0,0.213,7.5,30.8,28.8,USD $89.40,89.4,89.4,89.4,,11.917,2054,48,2,"1727556, 5099A, Color Box","Electronic&InteractiveToys/Wireless Bluetooth Radio With Dual Microphones, LightingMusicSilenceVoice Change/261020-261021-261022/Wireless Bluetooth Radio With Dual Microphones, LightingMusicSilenceVoice Change/image/Wireless Bluetooth Radio With Dual Microphones, LightingMusicSilenceVoice Change.jpg","Electronic&InteractiveToys/Wireless Bluetooth Radio With Dual Microphones, LightingMusicSilenceVoice Change/261020-261021-261022/Wireless Bluetooth Radio With Dual Microphones, LightingMusicSilenceVoice Change/Wireless Bluetooth Radio With Dual Microphones, LightingMusicSilenceVoice Change.md",1727556-5099A-261020-261021-261022-2054,5099A,
Electronic&InteractiveToys,Light Music Stunt Spray Car,150113-150114,YS1731969,1731969,MK782A,Light Music Stunt Spray Car (battery included) 2.4G,Light Music Stunt Spray Car (battery included) 2.4G,Window Box,24,2,76.5,36.0,105.0,36.7,16.5,16.5,0.289,10.2,24.0,21.0,USD $111.20,111.2,111.2,111.2,,10.9,2100,24,2,"1731969, MK782A, Window Box",Electronic&InteractiveToys/Light Music Stunt Spray Car/150113-150114/Light Music Stunt Spray Car (battery included) 2.4G/image/Light Music Stunt Spray Car (battery included) 2.4G.jpg,Electronic&InteractiveToys/Light Music Stunt Spray Car/150113-150114/Light Music Stunt Spray Car (battery included) 2.4G/Light Music Stunt Spray Car (battery included) 2.4G.md,1731969-MK782A-150113-150114-2100,MK782A,
Electronic&InteractiveToys,2.4G 11-Channel Eight-Wheel Electric Dog Spray,121307,YS1746281,1746281,5A-372SX,"2.4G 11-Channel Eight-Wheel Electric Dog Spray (battery included, dual-control 11-channel spray with light and music)","2.4G 11-Channel Eight-Wheel Electric Dog Spray (battery included, dual-control 11-channel spray with light and music)",Window Box,36,2,94.5,39.0,90.0,30.5,12.0,21.0,0.332,11.7,36.0,33.0,USD $124.10,124.1,124.1,124.1,,10.602,2459,36,2,"1746281, 5A-372SX, Window Box","Electronic&InteractiveToys/2.4G 11-Channel Eight-Wheel Electric Dog Spray/121307/2.4G 11-Channel Eight-Wheel Electric Dog Spray (battery included, dual-control 1/image/2.4G 11-Channel Eight-Wheel Electric Dog Spray (battery included, dual-control 1.jpg","Electronic&InteractiveToys/2.4G 11-Channel Eight-Wheel Electric Dog Spray/121307/2.4G 11-Channel Eight-Wheel Electric Dog Spray (battery included, dual-control 1/2.4G 11-Channel Eight-Wheel Electric Dog Spray (battery included, dual-control 1.md",1746281-5A-372SX-121307-2459,5A-372SX,
Electronic&InteractiveToys,Soft Rubber Rattle,220506,YS1710340,1710340,898-Y25,Soft Rubber Rattle (moon bear 2 fish 2 puppy 2 koala 2 owl 2 beetle 2) 12PCS Whole Box Price,Soft Rubber Rattle (moon bear 2 fish 2 puppy 2 koala 2 owl 2 beetle 2) 12PCS Whole Box Price,Display Box,24,2,63.0,28.5,60.5,27.4,20.5,7.3,0.109,3.83,11.6,10.4,USD $40.60,40.6,40.6,40.6,,10.587,1729,24,2,"1710340, 898-Y25, Display Box",Electronic&InteractiveToys/Soft Rubber Rattle/220506/Soft Rubber Rattle (moon bear 2 fish 2 puppy 2 koala 2 owl 2 beetle 2) 12PCS Who/image/Soft Rubber Rattle (moon bear 2 fish 2 puppy 2 koala 2 owl 2 beetle 2) 12PCS Who.jpg,Electronic&InteractiveToys/Soft Rubber Rattle/220506/Soft Rubber Rattle (moon bear 2 fish 2 puppy 2 koala 2 owl 2 beetle 2) 12PCS Who/Soft Rubber Rattle (moon bear 2 fish 2 puppy 2 koala 2 owl 2 beetle 2) 12PCS Who.md,1710340-898-Y25-220506-1729,898-Y25,
Electronic&InteractiveToys,Bedside Bell,150205,YS1755400,1755400,151,Bedside Bell,Bedside Bell,Color Box,20,0,96.5,49.0,44.0,46.5,21.0,9.0,0.208,7.34,18.6,16.6,USD $77.40,77.4,77.4,77.4,,10.544,2700,20,0,"1755400, 151, Color Box",Electronic&InteractiveToys/Bedside Bell/150205/Bedside Bell/image/Bedside Bell.jpg,Electronic&InteractiveToys/Bedside Bell/150205/Bedside Bell/Bedside Bell.md,1755400-151-150205-2700,151,
Electronic&InteractiveToys,Bubble Aircraft,7,YS1715961,1715961,816A/B,Bubble Aircraft (electricity included),Bubble Aircraft (electricity included),Color Box,36,0,73.8,35.0,63.5,20.2,34.2,5.8,0.164,5.79,11.5,10.0,USD $61.10,61.1,61.1,61.1,,10.542,1844,36,0,"1715961, 816A/B, Color Box",Electronic&InteractiveToys/Bubble Aircraft/7/Bubble Aircraft (electricity included)/image/Bubble Aircraft (electricity included).jpg,Electronic&InteractiveToys/Bubble Aircraft/7/Bubble Aircraft (electricity included)/Bubble Aircraft (electricity included).md,1715961-816A/B-7-1844,816A/B,
Electronic&InteractiveToys,44-Key Single Speaker Electronic Keyboard Black USB Cable/With Microphone,231803A,YS1754647,1754647,MLS-3738,44-Key Single Speaker Electronic Keyboard Black USB Cable/With Microphone (gcc),44-Key Single Speaker Electronic Keyboard Black USB Cable/With Microphone (gcc),Color Box,12,1,74.0,37.0,79.0,78.3,9.0,23.8,0.216,7.63,19.0,17.0,USD $76.40,76.4,76.4,76.4,,10.0,2656,12,1,"1754647, MLS-3738, Color Box",Electronic&InteractiveToys/44-Key Single Speaker Electronic Keyboard Black USB CableWith Microphone/231803A/44-Key Single Speaker Electronic Keyboard Black USB CableWith Microphone (gcc)/image/44-Key Single Speaker Electronic Keyboard Black USB CableWith Microphone (gcc).jpg,Electronic&InteractiveToys/44-Key Single Speaker Electronic Keyboard Black USB CableWith Microphone/231803A/44-Key Single Speaker Electronic Keyboard Black USB CableWith Microphone (gcc)/44-Key Single Speaker Electronic Keyboard Black USB CableWith Microphone (gcc).md,1754647-MLS-3738-231803A-2656,MLS-3738,
Electronic&InteractiveToys,2.4G Double-Sided Dinosaur Coal Bombing Wheel Holding Skill Car With Light Spray,170807,YS1520549,1520549,6102-2,2.4G Double-Sided Dinosaur Coal Bombing Wheel Holding Skill Car With Light Spray (battery included),2.4G Double-Sided Dinosaur Coal Bombing Wheel Holding Skill Car With Light Spray (battery included),Color Box,72,0,75.5,50.5,67.0,18.5,16.5,10.5,0.255,9.01,38.0,36.0,USD $86.80,86.8,86.8,86.8,,9.63,1091,72,0,"1520549, 6102-2, Color Box",Electronic&InteractiveToys/2.4G Double-Sided Dinosaur Coal Bombing Wheel Holding Skill Car With Light Spray/170807/2.4G Double-Sided Dinosaur Coal Bombing Wheel Holding Skill Car With Light Spray/image/2.4G Double-Sided Dinosaur Coal Bombing Wheel Holding Skill Car With Light Spray.jpg,Electronic&InteractiveToys/2.4G Double-Sided Dinosaur Coal Bombing Wheel Holding Skill Car With Light Spray/170807/2.4G Double-Sided Dinosaur Coal Bombing Wheel Holding Skill Car With Light Spray/2.4G Double-Sided Dinosaur Coal Bombing Wheel Holding Skill Car With Light Spray.md,1520549-6102-2-170807-1091,6102-2,
Electronic&InteractiveToys,Double-Ended Stick,230507,YS1758346,1758346,559-707A,Double-Ended Stick (rechargeable model with built-in battery),Double-Ended Stick (rechargeable model with built-in battery),Color Box,60,2,70.0,47.0,69.0,45.0,5.5,13.0,0.227,8.01,27.0,25.0,USD $65.20,65.2,65.2,65.2,,8.138,2747,60,2,"1758346, 559-707A, Color Box",Electronic&InteractiveToys/Double-Ended Stick/230507/Double-Ended Stick (rechargeable model with built-in battery)/image/Double-Ended Stick (rechargeable model with built-in battery).jpg,Electronic&InteractiveToys/Double-Ended Stick/230507/Double-Ended Stick (rechargeable model with built-in battery)/Double-Ended Stick (rechargeable model with built-in battery).md,1758346-559-707A-230507-2747,559-707A,
Electronic&InteractiveToys,Guitar Microphone Set With Glasses,930103,YS1137894,1137894,MY6969-61A,Guitar Microphone Set With Glasses (girls),Guitar Microphone Set With Glasses (girls),Window Box,36,2,60.0,43.0,98.0,57.0,3.0,23.0,0.253,8.92,25.0,23.0,USD $72.00,72.0,72.0,72.0,,8.065,489,36,2,"1137894, MY6969-61A, Window Box",Electronic&InteractiveToys/Guitar Microphone Set With Glasses/930103/Guitar Microphone Set With Glasses (girls)/image/Guitar Microphone Set With Glasses (girls).jpg,Electronic&InteractiveToys/Guitar Microphone Set With Glasses/930103/Guitar Microphone Set With Glasses (girls)/Guitar Microphone Set With Glasses (girls).md,1137894-MY6969-61A-930103-489,MY6969-61A,
Electronic&InteractiveToys,Guitar Microphone Set With Glasses,930103,YS1037812,1037812,6969-61A,Guitar Microphone Set With Glasses (girls),Guitar Microphone Set With Glasses (girls),Window Box,36,2,61.0,51.0,102.0,25.5,5.5,60.5,0.317,11.2,25.0,23.0,USD $70.90,70.9,70.9,70.9,,6.326,388,36,2,"1037812, 6969-61A, Window Box",Electronic&InteractiveToys/Guitar Microphone Set With Glasses/930103/Guitar Microphone Set With Glasses (girls)/image/Guitar Microphone Set With Glasses (girls).jpg,Electronic&InteractiveToys/Guitar Microphone Set With Glasses/930103/Guitar Microphone Set With Glasses (girls)/Guitar Microphone Set With Glasses (girls).md,1037812-6969-61A-930103-388,6969-61A,
Electronic&InteractiveToys,Guitar Microphone Set With Glasses,930103,YS1037813,1037813,6969-62A,Guitar Microphone Set With Glasses (boys),Guitar Microphone Set With Glasses (boys),Window Box,36,2,61.0,51.0,102.0,25.5,5.5,60.5,0.317,11.2,25.0,23.0,USD $70.90,70.9,70.9,70.9,,6.326,389,36,2,"1037813, 6969-62A, Window Box",Electronic&InteractiveToys/Guitar Microphone Set With Glasses/930103/Guitar Microphone Set With Glasses (boys)/image/Guitar Microphone Set With Glasses (boys).jpg,Electronic&InteractiveToys/Guitar Microphone Set With Glasses/930103/Guitar Microphone Set With Glasses (boys)/Guitar Microphone Set With Glasses (boys).md,1037813-6969-62A-930103-389,6969-62A,
Electronic&InteractiveToys,"Square Fireworks Bubble Machine, Rechargeable Model",230225,YS1732857,1732857,899-46A,"Square Fireworks Bubble Machine, Rechargeable Model","Square Fireworks Bubble Machine, Rechargeable Model",Color Box,72,0,70.5,26.0,54.5,8.5,8.0,17.0,0.1,3.53,19.0,18.0,USD $28.00,28.0,28.0,28.0,,7.905,2138,72,0,"1732857, 899-46A, Color Box","Electronic&InteractiveToys/Square Fireworks Bubble Machine, Rechargeable Model/230225/Square Fireworks Bubble Machine, Rechargeable Model/image/Square Fireworks Bubble Machine, Rechargeable Model.jpg","Electronic&InteractiveToys/Square Fireworks Bubble Machine, Rechargeable Model/230225/Square Fireworks Bubble Machine, Rechargeable Model/Square Fireworks Bubble Machine, Rechargeable Model.md",1732857-899-46A-230225-2138,899-46A,
Electronic&InteractiveToys,Electric Rotating Spray Robot,170103,YS1468130,1468130,6052A,Electric Rotating Spray Robot,Electric Rotating Spray Robot,Color Box,24,2,63.0,44.0,70.0,20.0,10.0,31.0,0.194,6.85,0.0,0.0,USD $53.50,53.5,53.5,53.5,,7.797,988,24,2,"1468130, 6052A, Color Box",Electronic&InteractiveToys/Electric Rotating Spray Robot/170103/Electric Rotating Spray Robot/image/Electric Rotating Spray Robot.jpg,Electronic&InteractiveToys/Electric Rotating Spray Robot/170103/Electric Rotating Spray Robot/Electric Rotating Spray Robot.md,1468130-6052A-170103-988,6052A,
Electronic&InteractiveToys,Electric Rotating Spray Robot,170103,YS1468129,1468129,6052,Electric Rotating Spray Robot,Electric Rotating Spray Robot,Window Box,24,2,75.0,50.0,78.0,23.0,11.7,35.5,0.292,10.32,0.0,0.0,USD $56.70,56.7,56.7,56.7,,5.492,987,24,2,"1468129, 6052, Window Box",Electronic&InteractiveToys/Electric Rotating Spray Robot/170103/Electric Rotating Spray Robot/image/Electric Rotating Spray Robot.jpg,Electronic&InteractiveToys/Electric Rotating Spray Robot/170103/Electric Rotating Spray Robot/Electric Rotating Spray Robot.md,1468129-6052-170103-987,6052,
Electronic&InteractiveToys,Lucky Apple Bedside Bell,261805,YS1761921,1761921,666B(红色）,Lucky Apple Bedside Bell (remote control version),Lucky Apple Bedside Bell (remote control version),Color Box,36,2,77.0,44.0,73.0,35.0,6.8,25.0,0.247,8.73,19.0,16.0,USD $67.20,67.2,67.2,67.2,,7.691,2837,36,2,"1761921, 666B(红色）, Color Box",Electronic&InteractiveToys/Lucky Apple Bedside Bell/261805/Lucky Apple Bedside Bell (remote control version)/image/Lucky Apple Bedside Bell (remote control version).jpg,Electronic&InteractiveToys/Lucky Apple Bedside Bell/261805/Lucky Apple Bedside Bell (remote control version)/Lucky Apple Bedside Bell (remote control version).md,1761921-666B(红色）-261805-2837,666B(红色）,
Electronic&InteractiveToys,Lucky Apple Bedside Bell,261805,YS1761922,1761922,666B(咖啡色）,Lucky Apple Bedside Bell (remote control version),Lucky Apple Bedside Bell (remote control version),Color Box,36,2,77.0,44.0,73.0,35.0,6.8,25.0,0.247,8.73,19.0,16.0,USD $67.20,67.2,67.2,67.2,,7.691,2838,36,2,"1761922, 666B(咖啡色）, Color Box",Electronic&InteractiveToys/Lucky Apple Bedside Bell/261805/Lucky Apple Bedside Bell (remote control version)/image/Lucky Apple Bedside Bell (remote control version).jpg,Electronic&InteractiveToys/Lucky Apple Bedside Bell/261805/Lucky Apple Bedside Bell (remote control version)/Lucky Apple Bedside Bell (remote control version).md,1761922-666B(咖啡色）-261805-2838,666B(咖啡色）,
Electronic&InteractiveToys,Guitar With Microphone Set,930103,YS1037809,1037809,6969-61,Guitar With Microphone Set (girls),Guitar With Microphone Set (girls),Window Box,24,2,68.0,36.0,118.0,57.0,33.0,5.5,0.289,10.19,25.0,23.0,USD $74.20,74.2,74.2,74.2,,7.274,385,24,2,"1037809, 6969-61, Window Box",Electronic&InteractiveToys/Guitar With Microphone Set/930103/Guitar With Microphone Set (girls)/image/Guitar With Microphone Set (girls).jpg,Electronic&InteractiveToys/Guitar With Microphone Set/930103/Guitar With Microphone Set (girls)/Guitar With Microphone Set (girls).md,1037809-6969-61-930103-385,6969-61,
Electronic&InteractiveToys,Guitar With Microphone Set,930103,YS1137895,1137895,MY6969-61,Guitar With Microphone Set (girls),Guitar With Microphone Set (girls),Window Box,24,2,68.0,36.0,118.0,57.0,33.0,5.5,0.289,10.19,25.0,23.0,USD $74.20,74.2,74.2,74.2,,7.274,490,24,2,"1137895, MY6969-61, Window Box",Electronic&InteractiveToys/Guitar With Microphone Set/930103/Guitar With Microphone Set (girls)/image/Guitar With Microphone Set (girls).png,Electronic&InteractiveToys/Guitar With Microphone Set/930103/Guitar With Microphone Set (girls)/Guitar With Microphone Set (girls).md,1137895-MY6969-61-930103-490,MY6969-61,
Electronic&InteractiveToys,Guitar With Microphone Set,930103,YS1037808,1037808,6969-62,Guitar With Microphone Set (boys),Guitar With Microphone Set (boys),Window Box,24,2,68.0,36.0,118.0,33.0,5.5,57.0,0.289,10.19,25.0,23.0,USD $74.20,74.2,74.2,74.2,,7.274,384,24,2,"1037808, 6969-62, Window Box",Electronic&InteractiveToys/Guitar With Microphone Set/930103/Guitar With Microphone Set (boys)/image/Guitar With Microphone Set (boys).jpg,Electronic&InteractiveToys/Guitar With Microphone Set/930103/Guitar With Microphone Set (boys)/Guitar With Microphone Set (boys).md,1037808-6969-62-930103-384,6969-62,
Electronic&InteractiveToys,Guitar With Microphone Set,930103,YS1037810,1037810,6969-31,Guitar With Microphone Set (girls),Guitar With Microphone Set (girls),Window Box,36,2,86.0,38.0,115.0,28.0,6.0,57.0,0.376,13.26,25.0,23.0,USD $65.40,65.4,65.4,65.4,,4.932,386,36,2,"1037810, 6969-31, Window Box",Electronic&InteractiveToys/Guitar With Microphone Set/930103/Guitar With Microphone Set (girls)/image/Guitar With Microphone Set (girls).jpg,Electronic&InteractiveToys/Guitar With Microphone Set/930103/Guitar With Microphone Set (girls)/Guitar With Microphone Set (girls).md,1037810-6969-31-930103-386,6969-31,
Electronic&InteractiveToys,Guitar With Microphone Set,930103,YS1037811,1037811,6969-32,Guitar With Microphone Set (boys),Guitar With Microphone Set (boys),Window Box,36,2,86.0,38.0,115.0,28.0,6.0,57.0,0.376,13.26,25.0,23.0,USD $65.40,65.4,65.4,65.4,,4.932,387,36,2,"1037811, 6969-32, Window Box",Electronic&InteractiveToys/Guitar With Microphone Set/930103/Guitar With Microphone Set (boys)/image/Guitar With Microphone Set (boys).jpg,Electronic&InteractiveToys/Guitar With Microphone Set/930103/Guitar With Microphone Set (boys)/Guitar With Microphone Set (boys).md,1037811-6969-32-930103-387,6969-32,
Electronic&InteractiveToys,Electric Robot,170103,YS0253338,0253338,6032,Electric Robot (electricity not included),Electric Robot (electricity not included),Window Box,24,2,69.5,45.5,71.0,22.0,32.0,11.0,0.225,7.92,18.9,15.9,USD $55.60,55.6,55.6,55.6,,7.019,74,24,2,"0253338, 6032, Window Box",Electronic&InteractiveToys/Electric Robot/170103/Electric Robot (electricity not included)/image/Electric Robot (electricity not included).jpg,Electronic&InteractiveToys/Electric Robot/170103/Electric Robot (electricity not included)/Electric Robot (electricity not included).md,0253338-6032-170103-74,6032,
Electronic&InteractiveToys,Electric Robot,170103,YS1684560,1684560,6060,Electric Robot,Electric Robot,Window Box,36,2,86.0,32.0,99.0,23.0,9.0,28.0,0.272,9.61,23.0,19.4,USD $54.60,54.6,54.6,54.6,,5.671,1530,36,2,"1684560, 6060, Window Box",Electronic&InteractiveToys/Electric Robot/170103/Electric Robot/image/Electric Robot.jpg,Electronic&InteractiveToys/Electric Robot/170103/Electric Robot/Electric Robot.md,1684560-6060-170103-1530,6060,
Electronic&InteractiveToys,Electric Robot,170103,YS0189342,0189342,6025A,Electric Robot,Electric Robot,Color Box,48,2,72.2,46.4,77.4,18.0,11.0,20.5,0.259,9.15,23.0,20.0,USD $38.20,38.2,38.2,38.2,,4.169,60,48,2,"0189342, 6025A, Color Box",Electronic&InteractiveToys/Electric Robot/170103/Electric Robot/image/Electric Robot.jpg,Electronic&InteractiveToys/Electric Robot/170103/Electric Robot/Electric Robot.md,0189342-6025A-170103-60,6025A,
Electronic&InteractiveToys,Electric Robot,170103,YS0926584,0926584,880B升级版,Electric Robot,Electric Robot,Window Box,36,2,118.0,38.0,85.0,19.0,11.5,35.5,0.381,13.45,25.6,22.6,USD $54.60,54.6,54.6,54.6,,4.052,291,36,2,"0926584, 880B升级版, Window Box",Electronic&InteractiveToys/Electric Robot/170103/Electric Robot/image/Electric Robot.jpg,Electronic&InteractiveToys/Electric Robot/170103/Electric Robot/Electric Robot.md,0926584-880B升级版-170103-291,880B升级版,
Electronic&InteractiveToys,Electric Robot,170103,YS0926586,0926586,6009升级版,Electric Robot,Electric Robot,Window Box,36,2,107.0,38.0,87.0,20.0,11.5,35.0,0.354,12.48,24.4,21.4,USD $50.20,50.2,50.2,50.2,,4.018,292,36,2,"0926586, 6009升级版, Window Box",Electronic&InteractiveToys/Electric Robot/170103/Electric Robot/image/Electric Robot.jpg,Electronic&InteractiveToys/Electric Robot/170103/Electric Robot/Electric Robot.md,0926586-6009升级版-170103-292,6009升级版,
Electronic&InteractiveToys,Single-Head Lightsaber,230507,YS1758348,1758348,559-709A,Single-Head Lightsaber (rechargeable version with built-in battery),Single-Head Lightsaber (rechargeable version with built-in battery),Color Box,72,2,57.0,45.0,43.0,26.8,4.8,10.0,0.11,3.89,17.2,16.2,USD $27.10,27.1,27.1,27.1,,6.949,2749,72,2,"1758348, 559-709A, Color Box",Electronic&InteractiveToys/Single-Head Lightsaber/230507/Single-Head Lightsaber (rechargeable version with built-in battery)/image/Single-Head Lightsaber (rechargeable version with built-in battery).jpg,Electronic&InteractiveToys/Single-Head Lightsaber/230507/Single-Head Lightsaber (rechargeable version with built-in battery)/Single-Head Lightsaber (rechargeable version with built-in battery).md,1758348-559-709A-230507-2749,559-709A,
Electronic&InteractiveToys,Lucky Little Apple Bedside Bell,261805,YS1761920,1761920,666A(咖啡色）,Lucky Little Apple Bedside Bell,Lucky Little Apple Bedside Bell,Color Box,36,2,77.0,44.0,73.0,35.0,6.8,25.0,0.247,8.73,19.0,16.0,USD $60.70,60.7,60.7,60.7,,6.942,2836,36,2,"1761920, 666A(咖啡色）, Color Box",Electronic&InteractiveToys/Lucky Little Apple Bedside Bell/261805/Lucky Little Apple Bedside Bell/image/Lucky Little Apple Bedside Bell.jpg,Electronic&InteractiveToys/Lucky Little Apple Bedside Bell/261805/Lucky Little Apple Bedside Bell/Lucky Little Apple Bedside Bell.md,1761920-666A(咖啡色）-261805-2836,666A(咖啡色）,
Electronic&InteractiveToys,Remote Control Gear Scooter For Boys,210403,YS1737420,1737420,9688A,Remote Control Gear Scooter For Boys (five links with light and music) Frequency 2.4G (battery not included),Remote Control Gear Scooter For Boys (five links with light and music) Frequency 2.4G (battery not included),Window Box,24,2,102.5,45.0,56.0,25.0,14.2,25.4,0.258,9.11,18.5,15.5,USD $61.10,61.1,61.1,61.1,,6.7,2275,24,2,"1737420, 9688A, Window Box",Electronic&InteractiveToys/Remote Control Gear Scooter For Boys/210403/Remote Control Gear Scooter For Boys (five links with light and music) Frequency/image/Remote Control Gear Scooter For Boys (five links with light and music) Frequency.jpg,Electronic&InteractiveToys/Remote Control Gear Scooter For Boys/210403/Remote Control Gear Scooter For Boys (five links with light and music) Frequency/Remote Control Gear Scooter For Boys (five links with light and music) Frequency.md,1737420-9688A-210403-2275,9688A,
Electronic&InteractiveToys,Upgraded Version Of Remote Control Octopus,230413-230414,YS1729759,1729759,HJ1038Y,"Upgraded Version Of Remote Control Octopus (usb charging, colorful lights, spray, with 4 dynamic music to switch freely, dark gray and beige with two expressions, contains a 3.7v lithium battery, with charging cable)","Upgraded Version Of Remote Control Octopus (usb charging, colorful lights, spray, with 4 dynamic music to switch freely, dark gray and beige with two expressions, contains a 3.7v lithium battery, with charging cable)",Window Box,60,2,73.0,45.0,73.0,16.1,8.1,22.9,0.24,8.46,23.0,21.0,USD $56.30,56.3,56.3,56.3,,6.648,2090,60,2,"1729759, HJ1038Y, Window Box","Electronic&InteractiveToys/Upgraded Version Of Remote Control Octopus/230413-230414/Upgraded Version Of Remote Control Octopus (usb charging, colorful lights, spray/image/Upgraded Version Of Remote Control Octopus (usb charging, colorful lights, spray.jpg","Electronic&InteractiveToys/Upgraded Version Of Remote Control Octopus/230413-230414/Upgraded Version Of Remote Control Octopus (usb charging, colorful lights, spray/Upgraded Version Of Remote Control Octopus (usb charging, colorful lights, spray.md",1729759-HJ1038Y-230413-230414-2090,HJ1038Y,
Electronic&InteractiveToys,Electric Face-Changing Robot,170103,YS0953938,0953938,6050A,Electric Face-Changing Robot,Electric Face-Changing Robot,Color Box,36,2,58.5,56.0,65.0,18.5,8.8,29.5,0.213,7.51,21.0,18.8,USD $49.10,49.1,49.1,49.1,,6.531,329,36,2,"0953938, 6050A, Color Box",Electronic&InteractiveToys/Electric Face-Changing Robot/170103/Electric Face-Changing Robot/image/Electric Face-Changing Robot.jpg,Electronic&InteractiveToys/Electric Face-Changing Robot/170103/Electric Face-Changing Robot/Electric Face-Changing Robot.md,0953938-6050A-170103-329,6050A,
Electronic&InteractiveToys,Electric Face-Changing Robot,170103,YS0953937,0953937,6050,Electric Face-Changing Robot,Electric Face-Changing Robot,Window Box,24,2,69.0,45.0,72.0,21.0,10.5,34.5,0.224,7.89,17.0,15.6,USD $51.30,51.3,51.3,51.3,,6.493,328,24,2,"0953937, 6050, Window Box",Electronic&InteractiveToys/Electric Face-Changing Robot/170103/Electric Face-Changing Robot/image/Electric Face-Changing Robot.jpg,Electronic&InteractiveToys/Electric Face-Changing Robot/170103/Electric Face-Changing Robot/Electric Face-Changing Robot.md,0953937-6050-170103-328,6050,
Electronic&InteractiveToys,Multifunctional Electric Robot,170103,YS1071276,1071276,6051A,Multifunctional Electric Robot,Multifunctional Electric Robot,Color Box,36,2,64.0,49.0,74.0,20.2,11.5,34.0,0.232,8.19,0.0,0.0,USD $53.50,53.5,53.5,53.5,,6.521,412,36,2,"1071276, 6051A, Color Box",Electronic&InteractiveToys/Multifunctional Electric Robot/170103/Multifunctional Electric Robot/image/Multifunctional Electric Robot.jpg,Electronic&InteractiveToys/Multifunctional Electric Robot/170103/Multifunctional Electric Robot/Multifunctional Electric Robot.md,1071276-6051A-170103-412,6051A,
Electronic&InteractiveToys,Multifunctional Electric Robot,170103,YS1071275,1071275,6051,Multifunctional Electric Robot,Multifunctional Electric Robot,Window Box,24,2,73.0,51.0,82.0,22.0,9.0,34.0,0.305,10.77,0.0,0.0,USD $56.70,56.7,56.7,56.7,,5.263,411,24,2,"1071275, 6051, Window Box",Electronic&InteractiveToys/Multifunctional Electric Robot/170103/Multifunctional Electric Robot/image/Multifunctional Electric Robot.jpg,Electronic&InteractiveToys/Multifunctional Electric Robot/170103/Multifunctional Electric Robot/Multifunctional Electric Robot.md,1071275-6051-170103-411,6051,
Electronic&InteractiveToys,Inertial Simulation Vehicle Double-Decker Parking Lot With 3 Liuzhou Vehicles And 1 Engineering Trailer,240316-240317,YS1726043,1726043,3688-59,"Inertial Simulation Vehicle Double-Decker Parking Lot With 3 Liuzhou Vehicles And 1 Engineering Trailer (red, blue)","Inertial Simulation Vehicle Double-Decker Parking Lot With 3 Liuzhou Vehicles And 1 Engineering Trailer (red, blue)",Window Box,12,0,76.5,62.0,85.0,74.0,15.0,27.0,0.403,14.23,21.0,17.0,USD $86.80,86.8,86.8,86.8,,6.097,2031,12,0,"1726043, 3688-59, Window Box",Electronic&InteractiveToys/Inertial Simulation Vehicle Double-Decker Parking Lot With 3 Liuzhou Vehicles An/240316-240317/Inertial Simulation Vehicle Double-Decker Parking Lot With 3 Liuzhou Vehicles An/image/Inertial Simulation Vehicle Double-Decker Parking Lot With 3 Liuzhou Vehicles An.jpg,Electronic&InteractiveToys/Inertial Simulation Vehicle Double-Decker Parking Lot With 3 Liuzhou Vehicles An/240316-240317/Inertial Simulation Vehicle Double-Decker Parking Lot With 3 Liuzhou Vehicles An/Inertial Simulation Vehicle Double-Decker Parking Lot With 3 Liuzhou Vehicles An.md,1726043-3688-59-240316-240317-2031,3688-59,
Electronic&InteractiveToys,Double-Headed Lightsaber,230507,YS1758347,1758347,559-708A,Double-Headed Lightsaber (rechargeable version with built-in battery),Double-Headed Lightsaber (rechargeable version with built-in battery),Color Box,60,2,67.0,43.5,64.5,42.5,5.2,12.2,0.188,6.63,23.7,22.3,USD $39.70,39.7,39.7,39.7,,5.984,2748,60,2,"1758347, 559-708A, Color Box",Electronic&InteractiveToys/Double-Headed Lightsaber/230507/Double-Headed Lightsaber (rechargeable version with built-in battery)/image/Double-Headed Lightsaber (rechargeable version with built-in battery).jpg,Electronic&InteractiveToys/Double-Headed Lightsaber/230507/Double-Headed Lightsaber (rechargeable version with built-in battery)/Double-Headed Lightsaber (rechargeable version with built-in battery).md,1758347-559-708A-230507-2748,559-708A,
Electronic&InteractiveToys,Light Guitar,930103,YS1251838,1251838,MY6969-65,Light Guitar (boys),Light Guitar (boys),Window Box,36,2,61.0,48.0,99.0,59.0,5.0,23.5,0.29,10.23,25.0,22.5,USD $61.10,61.1,61.1,61.1,,5.967,589,36,2,"1251838, MY6969-65, Window Box",Electronic&InteractiveToys/Light Guitar/930103/Light Guitar (boys)/image/Light Guitar (boys).jpg,Electronic&InteractiveToys/Light Guitar/930103/Light Guitar (boys)/Light Guitar (boys).md,1251838-MY6969-65-930103-589,MY6969-65,
Electronic&InteractiveToys,Light Guitar,930103,YS1251839,1251839,MY6969-66,Light Guitar (girls),Light Guitar (girls),Window Box,36,2,61.0,48.0,99.0,59.0,5.0,23.5,0.29,10.23,26.0,23.5,USD $61.10,61.1,61.1,61.1,,5.967,590,36,2,"1251839, MY6969-66, Window Box",Electronic&InteractiveToys/Light Guitar/930103/Light Guitar (girls)/image/Light Guitar (girls).jpg,Electronic&InteractiveToys/Light Guitar/930103/Light Guitar (girls)/Light Guitar (girls).md,1251839-MY6969-66-930103-590,MY6969-66,
Electronic&InteractiveToys,Guitar,930103,YS1037796,1037796,6969-63,Guitar,Guitar,Window Box,36,2,61.0,47.0,98.0,59.0,5.0,23.0,0.281,9.91,25.0,23.0,USD $55.60,55.6,55.6,55.6,,5.609,383,36,2,"1037796, 6969-63, Window Box",Electronic&InteractiveToys/Guitar/930103/Guitar/image/Guitar.jpg,Electronic&InteractiveToys/Guitar/930103/Guitar/Guitar.md,1037796-6969-63-930103-383,6969-63,
Electronic&InteractiveToys,Unicorn Electric Bubble Gun/With Light Function: Pull The Trigger To Shake The Wings) Pink,220309-220310-220311,YS1748250,1748250,862,Unicorn Electric Bubble Gun/With Light Function: Pull The Trigger To Shake The Wings) Pink,Unicorn Electric Bubble Gun/With Light Function: Pull The Trigger To Shake The Wings) Pink,Window Box,36,0,75.0,46.5,58.5,27.8,8.0,22.5,0.204,7.2,18.0,16.5,USD $40.40,40.4,40.4,40.4,,5.601,2520,36,0,"1748250, 862, Window Box",Electronic&InteractiveToys/Unicorn Electric Bubble GunWith Light Function Pull The Trigger To Shake The Win/220309-220310-220311/Unicorn Electric Bubble GunWith Light Function Pull The Trigger To Shake The Win/image/Unicorn Electric Bubble GunWith Light Function Pull The Trigger To Shake The Win.jpg,Electronic&InteractiveToys/Unicorn Electric Bubble GunWith Light Function Pull The Trigger To Shake The Win/220309-220310-220311/Unicorn Electric Bubble GunWith Light Function Pull The Trigger To Shake The Win/Unicorn Electric Bubble GunWith Light Function Pull The Trigger To Shake The Win.md,1748250-862-220309-220310-220311-2520,862,
Electronic&InteractiveToys,Dinosaur Electric Bubble Gun/With Light Function: Pull The Trigger And Open Your Mouth) Green,220309-220310-220311,YS1748252,1748252,864,Dinosaur Electric Bubble Gun/With Light Function: Pull The Trigger And Open Your Mouth) Green,Dinosaur Electric Bubble Gun/With Light Function: Pull The Trigger And Open Your Mouth) Green,Window Box,36,0,75.0,46.5,58.5,27.8,8.0,22.5,0.204,7.2,18.0,16.5,USD $40.40,40.4,40.4,40.4,,5.601,2522,36,0,"1748252, 864, Window Box",Electronic&InteractiveToys/Dinosaur Electric Bubble GunWith Light Function Pull The Trigger And Open Your M/220309-220310-220311/Dinosaur Electric Bubble GunWith Light Function Pull The Trigger And Open Your M/image/Dinosaur Electric Bubble GunWith Light Function Pull The Trigger And Open Your M.jpg,Electronic&InteractiveToys/Dinosaur Electric Bubble GunWith Light Function Pull The Trigger And Open Your M/220309-220310-220311/Dinosaur Electric Bubble GunWith Light Function Pull The Trigger And Open Your M/Dinosaur Electric Bubble GunWith Light Function Pull The Trigger And Open Your M.md,1748252-864-220309-220310-220311-2522,864,
Electronic&InteractiveToys,Duck Electric Bubble Gun/With Light,220309-220310-220311,YS1748251,1748251,863,"Duck Electric Bubble Gun/With Light (function: pull the trigger to open the mouth, white)","Duck Electric Bubble Gun/With Light (function: pull the trigger to open the mouth, white)",Window Box,36,0,75.0,46.5,58.5,27.8,8.0,22.5,0.204,7.2,18.0,16.5,USD $40.40,40.4,40.4,40.4,,5.601,2521,36,0,"1748251, 863, Window Box","Electronic&InteractiveToys/Duck Electric Bubble GunWith Light/220309-220310-220311/Duck Electric Bubble GunWith Light (function pull the trigger to open the mouth,/image/Duck Electric Bubble GunWith Light (function pull the trigger to open the mouth,.jpg","Electronic&InteractiveToys/Duck Electric Bubble GunWith Light/220309-220310-220311/Duck Electric Bubble GunWith Light (function pull the trigger to open the mouth,/Duck Electric Bubble GunWith Light (function pull the trigger to open the mouth,.md",1748251-863-220309-220310-220311-2521,863,
Electronic&InteractiveToys,GirlElectronics,930103,YS1723764,1723764,MY6969-69,GirlElectronics,GirlElectronics,Window Box,36,2,48.0,46.0,116.0,54.8,23.0,5.0,0.256,9.04,23.0,20.0,USD $48.00,48.0,48.0,48.0,,5.305,1980,36,2,"1723764, MY6969-69, Window Box",Electronic&InteractiveToys/GirlElectronics/930103/GirlElectronics/image/GirlElectronics.jpg,Electronic&InteractiveToys/GirlElectronics/930103/GirlElectronics/GirlElectronics.md,1723764-MY6969-69-930103-1980,MY6969-69,
Electronic&InteractiveToys,BoyElectronics,930103,YS1723765,1723765,MY6969-68,BoyElectronics,BoyElectronics,Window Box,36,2,48.0,46.0,116.0,54.8,23.0,5.0,0.256,9.04,23.0,20.0,USD $48.00,48.0,48.0,48.0,,5.305,1982,36,2,"1723765, MY6969-68, Window Box",Electronic&InteractiveToys/BoyElectronics/930103/BoyElectronics/image/BoyElectronics.jpg,Electronic&InteractiveToys/BoyElectronics/930103/BoyElectronics/BoyElectronics.md,1723765-MY6969-68-930103-1982,MY6969-68,
Electronic&InteractiveToys,BoyElectronics,930103,YS1723765,1723765,MY6969-68,BoyElectronics,BoyElectronics,Window Box,36,2,48.0,46.0,116.0,54.8,23.0,5.0,0.256,9.04,23.0,20.0,USD $48.00,48.0,48.0,48.0,,5.305,1981,36,2,"1723765, MY6969-68, Window Box",Electronic&InteractiveToys/BoyElectronics/930103/BoyElectronics/image/BoyElectronics.jpg,Electronic&InteractiveToys/BoyElectronics/930103/BoyElectronics/BoyElectronics.md,1723765-MY6969-68-930103-1981,MY6969-68,
Electronic&InteractiveToys,Electric Hamburger Set With Shopping Cart,220307,YS1715933,1715933,60820-9E,"Electric Hamburger Set With Shopping Cart (light, sound)","Electric Hamburger Set With Shopping Cart (light, sound)",Window Box,15,0,82.0,42.5,96.0,40.5,16.0,31.3,0.335,11.81,17.0,15.0,USD $62.20,62.2,62.2,62.2,,5.261,1841,15,0,"1715933, 60820-9E, Window Box","Electronic&InteractiveToys/Electric Hamburger Set With Shopping Cart/220307/Electric Hamburger Set With Shopping Cart (light, sound)/image/Electric Hamburger Set With Shopping Cart (light, sound).jpg","Electronic&InteractiveToys/Electric Hamburger Set With Shopping Cart/220307/Electric Hamburger Set With Shopping Cart (light, sound)/Electric Hamburger Set With Shopping Cart (light, sound).md",1715933-60820-9E-220307-1841,60820-9E,
Electronic&InteractiveToys,"Sound, Light And Music Military Inertial Vehicle",290108,YS1757556,1757556,BJ594A,"Sound, Light And Music Military Inertial Vehicle","Sound, Light And Music Military Inertial Vehicle",Display Box,48,2,90.0,75.0,26.5,22.6,9.0,14.3,0.179,6.31,20.0,18.0,USD $32.30,32.3,32.3,32.3,,5.113,2718,48,2,"1757556, BJ594A, Display Box","Electronic&InteractiveToys/Sound, Light And Music Military Inertial Vehicle/290108/Sound, Light And Music Military Inertial Vehicle/image/Sound, Light And Music Military Inertial Vehicle.jpg","Electronic&InteractiveToys/Sound, Light And Music Military Inertial Vehicle/290108/Sound, Light And Music Military Inertial Vehicle/Sound, Light And Music Military Inertial Vehicle.md",1757556-BJ594A-290108-2718,BJ594A,
Electronic&InteractiveToys,"Sound, Light And Music Military Inertial Vehicle",290108,YS1757555,1757555,BJ593A,"Sound, Light And Music Military Inertial Vehicle","Sound, Light And Music Military Inertial Vehicle",Display Box,48,2,90.0,75.0,26.5,22.6,9.0,14.3,0.179,6.31,20.0,18.0,USD $31.40,31.4,31.4,31.4,,4.975,2717,48,2,"1757555, BJ593A, Display Box","Electronic&InteractiveToys/Sound, Light And Music Military Inertial Vehicle/290108/Sound, Light And Music Military Inertial Vehicle/image/Sound, Light And Music Military Inertial Vehicle.jpg","Electronic&InteractiveToys/Sound, Light And Music Military Inertial Vehicle/290108/Sound, Light And Music Military Inertial Vehicle/Sound, Light And Music Military Inertial Vehicle.md",1757555-BJ593A-290108-2717,BJ593A,
Electronic&InteractiveToys,Minecraft Building Blocks With Light Projection,813007,YS0000496,0000496,GT-128,Minecraft Building Blocks With Light Projection,Minecraft Building Blocks With Light Projection,Color Box,24,2,77.0,58.0,89.0,54.7,6.7,36.8,0.397,14.03,27.0,25.0,USD $70.90,70.9,70.9,70.9,,5.05,12,24,2,"0000496, GT-128, Color Box",Electronic&InteractiveToys/Minecraft Building Blocks With Light Projection/813007/Minecraft Building Blocks With Light Projection/image/Minecraft Building Blocks With Light Projection.jpg,Electronic&InteractiveToys/Minecraft Building Blocks With Light Projection/813007/Minecraft Building Blocks With Light Projection/Minecraft Building Blocks With Light Projection.md,0000496-GT-128-813007-12,GT-128,
Electronic&InteractiveToys,Minecraft Building Blocks With Light Projection,813007,YS0000497,0000497,GT-129,Minecraft Building Blocks With Light Projection,Minecraft Building Blocks With Light Projection,Color Box,24,2,77.0,58.0,89.0,54.7,6.7,36.8,0.397,14.03,27.0,25.0,USD $70.90,70.9,70.9,70.9,,5.05,13,24,2,"0000497, GT-129, Color Box",Electronic&InteractiveToys/Minecraft Building Blocks With Light Projection/813007/Minecraft Building Blocks With Light Projection/image/Minecraft Building Blocks With Light Projection.jpg,Electronic&InteractiveToys/Minecraft Building Blocks With Light Projection/813007/Minecraft Building Blocks With Light Projection/Minecraft Building Blocks With Light Projection.md,0000497-GT-129-813007-13,GT-129,
Electronic&InteractiveToys,Minecraft Building Blocks With Light Projection,813007,YS0000486,0000486,GT-110,Minecraft Building Blocks With Light Projection,Minecraft Building Blocks With Light Projection,Color Box,36,2,101.0,39.0,103.0,47.5,32.0,6.0,0.406,14.32,28.0,26.0,USD $51.30,51.3,51.3,51.3,,3.578,6,36,2,"0000486, GT-110, Color Box",Electronic&InteractiveToys/Minecraft Building Blocks With Light Projection/813007/Minecraft Building Blocks With Light Projection/image/Minecraft Building Blocks With Light Projection.jpg,Electronic&InteractiveToys/Minecraft Building Blocks With Light Projection/813007/Minecraft Building Blocks With Light Projection/Minecraft Building Blocks With Light Projection.md,0000486-GT-110-813007-6,GT-110,
Electronic&InteractiveToys,Minecraft Building Blocks With Light Projection,813007,YS0000489,0000489,GT-113,Minecraft Building Blocks With Light Projection,Minecraft Building Blocks With Light Projection,Color Box,36,2,101.0,39.0,103.0,47.5,32.0,6.0,0.406,14.32,28.0,26.0,USD $51.30,51.3,51.3,51.3,,3.578,9,36,2,"0000489, GT-113, Color Box",Electronic&InteractiveToys/Minecraft Building Blocks With Light Projection/813007/Minecraft Building Blocks With Light Projection/image/Minecraft Building Blocks With Light Projection.jpg,Electronic&InteractiveToys/Minecraft Building Blocks With Light Projection/813007/Minecraft Building Blocks With Light Projection/Minecraft Building Blocks With Light Projection.md,0000489-GT-113-813007-9,GT-113,
Electronic&InteractiveToys,Minecraft Building Blocks With Light Projection,813007,YS0000488,0000488,GT-112,Minecraft Building Blocks With Light Projection,Minecraft Building Blocks With Light Projection,Color Box,36,2,101.0,39.0,103.0,47.5,32.0,6.0,0.406,14.32,28.0,26.0,USD $51.30,51.3,51.3,51.3,,3.578,8,36,2,"0000488, GT-112, Color Box",Electronic&InteractiveToys/Minecraft Building Blocks With Light Projection/813007/Minecraft Building Blocks With Light Projection/image/Minecraft Building Blocks With Light Projection.jpg,Electronic&InteractiveToys/Minecraft Building Blocks With Light Projection/813007/Minecraft Building Blocks With Light Projection/Minecraft Building Blocks With Light Projection.md,0000488-GT-112-813007-8,GT-112,
Electronic&InteractiveToys,Minecraft Building Blocks With Light Projection,813007,YS0000487,0000487,GT-111,Minecraft Building Blocks With Light Projection,Minecraft Building Blocks With Light Projection,Color Box,36,2,101.0,39.0,103.0,47.5,32.0,6.0,0.406,14.32,28.0,26.0,USD $51.30,51.3,51.3,51.3,,3.578,7,36,2,"0000487, GT-111, Color Box",Electronic&InteractiveToys/Minecraft Building Blocks With Light Projection/813007/Minecraft Building Blocks With Light Projection/image/Minecraft Building Blocks With Light Projection.jpg,Electronic&InteractiveToys/Minecraft Building Blocks With Light Projection/813007/Minecraft Building Blocks With Light Projection/Minecraft Building Blocks With Light Projection.md,0000487-GT-111-813007-7,GT-111,
Electronic&InteractiveToys,Electric Crawling Dinosaur Set,120631,YS1709744,1709744,272-046ABC,"Electric Crawling Dinosaur Set (lights simulated dinosaur sounds, electric crawling with soft bullet gun)","Electric Crawling Dinosaur Set (lights simulated dinosaur sounds, electric crawling with soft bullet gun)",Portable Window Box,24,0,92.0,32.5,68.0,31.0,11.5,22.0,0.203,7.17,11.5,10.0,USD $36.00,36.0,36.0,36.0,,5.017,1716,24,0,"1709744, 272-046ABC, Portable Window Box","Electronic&InteractiveToys/Electric Crawling Dinosaur Set/120631/Electric Crawling Dinosaur Set (lights simulated dinosaur sounds, electric crawl/image/Electric Crawling Dinosaur Set (lights simulated dinosaur sounds, electric crawl.jpg","Electronic&InteractiveToys/Electric Crawling Dinosaur Set/120631/Electric Crawling Dinosaur Set (lights simulated dinosaur sounds, electric crawl/Electric Crawling Dinosaur Set (lights simulated dinosaur sounds, electric crawl.md",1709744-272-046ABC-120631-1716,272-046ABC,
Electronic&InteractiveToys,Electric Crawling Dinosaur Set,120631,YS1709745,1709745,272-047ABC,Electric Crawling Dinosaur Set (electric crawling with lights and simulated dinosaur sounds),Electric Crawling Dinosaur Set (electric crawling with lights and simulated dinosaur sounds),Portable Window Box,28,0,72.5,35.5,72.5,34.5,10.0,17.5,0.187,6.58,12.0,10.5,USD $30.80,30.8,30.8,30.8,,4.671,1717,28,0,"1709745, 272-047ABC, Portable Window Box",Electronic&InteractiveToys/Electric Crawling Dinosaur Set/120631/Electric Crawling Dinosaur Set (electric crawling with lights and simulated dino/image/Electric Crawling Dinosaur Set (electric crawling with lights and simulated dino.jpg,Electronic&InteractiveToys/Electric Crawling Dinosaur Set/120631/Electric Crawling Dinosaur Set (electric crawling with lights and simulated dino/Electric Crawling Dinosaur Set (electric crawling with lights and simulated dino.md,1709745-272-047ABC-120631-1717,272-047ABC,
Electronic&InteractiveToys,Electric Crawling Dinosaur Set,120631,YS1709746,1709746,272-048ABC,Electric Crawling Dinosaur Set (electric crawling with lights and simulated dinosaur sounds),Electric Crawling Dinosaur Set (electric crawling with lights and simulated dinosaur sounds),Portable Window Box,28,0,72.5,35.5,72.5,34.5,10.0,17.5,0.187,6.58,12.0,10.5,USD $30.40,30.4,30.4,30.4,,4.605,1718,28,0,"1709746, 272-048ABC, Portable Window Box",Electronic&InteractiveToys/Electric Crawling Dinosaur Set/120631/Electric Crawling Dinosaur Set (electric crawling with lights and simulated dino/image/Electric Crawling Dinosaur Set (electric crawling with lights and simulated dino.jpg,Electronic&InteractiveToys/Electric Crawling Dinosaur Set/120631/Electric Crawling Dinosaur Set (electric crawling with lights and simulated dino/Electric Crawling Dinosaur Set (electric crawling with lights and simulated dino.md,1709746-272-048ABC-120631-1718,272-048ABC,
Electronic&InteractiveToys,"Electric Sprayer, With Light, Sound, Automatic Forward Motion, Spray Function, Comes With A Water Bottle,",241011,YS1755958,1755958,8892,"Electric Sprayer, With Light, Sound, Automatic Forward Motion, Spray Function, Comes With A Water Bottle, (single color).","Electric Sprayer, With Light, Sound, Automatic Forward Motion, Spray Function, Comes With A Water Bottle, (single color).",Sealed Box,48,2,75.5,35.5,75.0,28.0,10.8,17.3,0.201,7.09,16.0,13.0,USD $35.40,35.4,35.4,35.4,,4.981,2706,48,2,"1755958, 8892, Sealed Box","Electronic&InteractiveToys/Electric Sprayer, With Light, Sound, Automatic Forward Motion, Spray Function, C/241011/Electric Sprayer, With Light, Sound, Automatic Forward Motion, Spray Function, C/image/Electric Sprayer, With Light, Sound, Automatic Forward Motion, Spray Function, C.jpg","Electronic&InteractiveToys/Electric Sprayer, With Light, Sound, Automatic Forward Motion, Spray Function, C/241011/Electric Sprayer, With Light, Sound, Automatic Forward Motion, Spray Function, C/Electric Sprayer, With Light, Sound, Automatic Forward Motion, Spray Function, C.md",1755958-8892-241011-2706,8892,
Electronic&InteractiveToys,Musical Keyboard,230511,YS1726818,1726818,6930A,Musical Keyboard,Musical Keyboard,OPP Bag,60,0,64.5,41.5,54.0,18.0,4.0,44.0,0.145,5.1,18.0,16.0,USD $24.70,24.7,24.7,24.7,,4.83,2039,60,0,"1726818, 6930A, OPP Bag",Electronic&InteractiveToys/Musical Keyboard/230511/Musical Keyboard/image/Musical Keyboard.png,Electronic&InteractiveToys/Musical Keyboard/230511/Musical Keyboard/Musical Keyboard.md,1726818-6930A-230511-2039,6930A,
Electronic&InteractiveToys,37-Key Single Speaker Electronic Keyboard Pink/With Microphone/USB Power Cord,231803A,YS1711865,1711865,XT-637C,37-Key Single Speaker Electronic Keyboard Pink/With Microphone/USB Power Cord,37-Key Single Speaker Electronic Keyboard Pink/With Microphone/USB Power Cord,Color Box,60,2,58.0,45.0,104.0,42.4,16.4,4.9,0.271,9.58,34.0,31.0,USD $45.80,45.8,45.8,45.8,,4.779,1764,60,2,"1711865, XT-637C, Color Box",Electronic&InteractiveToys/37-Key Single Speaker Electronic Keyboard PinkWith MicrophoneUSB Power Cord/231803A/37-Key Single Speaker Electronic Keyboard PinkWith MicrophoneUSB Power Cord/image/37-Key Single Speaker Electronic Keyboard PinkWith MicrophoneUSB Power Cord.jpg,Electronic&InteractiveToys/37-Key Single Speaker Electronic Keyboard PinkWith MicrophoneUSB Power Cord/231803A/37-Key Single Speaker Electronic Keyboard PinkWith MicrophoneUSB Power Cord/37-Key Single Speaker Electronic Keyboard PinkWith MicrophoneUSB Power Cord.md,1711865-XT-637C-231803A-1764,XT-637C,
Electronic&InteractiveToys,37-Key Single Speaker Electronic Keyboard Blue/With Microphone/USB Cable,231803A,YS1711866,1711866,XT-637D,37-Key Single Speaker Electronic Keyboard Blue/With Microphone/USB Cable,37-Key Single Speaker Electronic Keyboard Blue/With Microphone/USB Cable,Color Box,60,2,58.0,45.0,104.0,42.4,16.4,4.9,0.271,9.58,34.0,31.0,USD $45.80,45.8,45.8,45.8,,4.779,1765,60,2,"1711866, XT-637D, Color Box",Electronic&InteractiveToys/37-Key Single Speaker Electronic Keyboard BlueWith MicrophoneUSB Cable/231803A/37-Key Single Speaker Electronic Keyboard BlueWith MicrophoneUSB Cable/image/37-Key Single Speaker Electronic Keyboard BlueWith MicrophoneUSB Cable.jpg,Electronic&InteractiveToys/37-Key Single Speaker Electronic Keyboard BlueWith MicrophoneUSB Cable/231803A/37-Key Single Speaker Electronic Keyboard BlueWith MicrophoneUSB Cable/37-Key Single Speaker Electronic Keyboard BlueWith MicrophoneUSB Cable.md,1711866-XT-637D-231803A-1765,XT-637D,
Electronic&InteractiveToys,"Electric Spray Parasaurolophus, With Light, Sound, Automatic Forward Motion, Spray Function, Comes With A Water Bottle,",241011,YS1755957,1755957,8891,"Electric Spray Parasaurolophus, With Light, Sound, Automatic Forward Motion, Spray Function, Comes With A Water Bottle, (single color).","Electric Spray Parasaurolophus, With Light, Sound, Automatic Forward Motion, Spray Function, Comes With A Water Bottle, (single color).",Sealed Box,48,2,76.0,33.0,94.0,24.0,10.8,15.0,0.236,8.32,17.5,14.5,USD $36.70,36.7,36.7,36.7,,4.402,2705,48,2,"1755957, 8891, Sealed Box","Electronic&InteractiveToys/Electric Spray Parasaurolophus, With Light, Sound, Automatic Forward Motion, Spr/241011/Electric Spray Parasaurolophus, With Light, Sound, Automatic Forward Motion, Spr/image/Electric Spray Parasaurolophus, With Light, Sound, Automatic Forward Motion, Spr.jpg","Electronic&InteractiveToys/Electric Spray Parasaurolophus, With Light, Sound, Automatic Forward Motion, Spr/241011/Electric Spray Parasaurolophus, With Light, Sound, Automatic Forward Motion, Spr/Electric Spray Parasaurolophus, With Light, Sound, Automatic Forward Motion, Spr.md",1755957-8891-241011-2705,8891,
Electronic&InteractiveToys,2.4G Five-Way Camouflage Remote Control Spray Plane With Light And Music,120410,YS1726884,1726884,1166-1A,"2.4G Five-Way Camouflage Remote Control Spray Plane With Light And Music (with usb cable, lithium battery, including battery)","2.4G Five-Way Camouflage Remote Control Spray Plane With Light And Music (with usb cable, lithium battery, including battery)",Window Box,36,2,92.0,51.0,87.0,40.5,8.0,30.5,0.408,14.4,23.0,19.0,USD $62.80,62.8,62.8,62.8,,4.36,2041,36,2,"1726884, 1166-1A, Window Box",Electronic&InteractiveToys/2.4G Five-Way Camouflage Remote Control Spray Plane With Light And Music/120410/2.4G Five-Way Camouflage Remote Control Spray Plane With Light And Music (with u/image/2.4G Five-Way Camouflage Remote Control Spray Plane With Light And Music (with u.jpg,Electronic&InteractiveToys/2.4G Five-Way Camouflage Remote Control Spray Plane With Light And Music/120410/2.4G Five-Way Camouflage Remote Control Spray Plane With Light And Music (with u/2.4G Five-Way Camouflage Remote Control Spray Plane With Light And Music (with u.md,1726884-1166-1A-120410-2041,1166-1A,
Electronic&InteractiveToys,2.4G Five-Way Camouflage Remote Control Spray Plane With Light And Music,120410,YS1726883,1726883,1166,2.4G Five-Way Camouflage Remote Control Spray Plane With Light And Music (no battery included),2.4G Five-Way Camouflage Remote Control Spray Plane With Light And Music (no battery included),Window Box,36,2,92.0,51.0,87.0,40.5,8.0,29.5,0.408,14.4,22.0,18.0,USD $56.30,56.3,56.3,56.3,,3.906,2040,36,2,"1726883, 1166, Window Box",Electronic&InteractiveToys/2.4G Five-Way Camouflage Remote Control Spray Plane With Light And Music/120410/2.4G Five-Way Camouflage Remote Control Spray Plane With Light And Music (no bat/image/2.4G Five-Way Camouflage Remote Control Spray Plane With Light And Music (no bat.png,Electronic&InteractiveToys/2.4G Five-Way Camouflage Remote Control Spray Plane With Light And Music/120410/2.4G Five-Way Camouflage Remote Control Spray Plane With Light And Music (no bat/2.4G Five-Way Camouflage Remote Control Spray Plane With Light And Music (no bat.md,1726883-1166-120410-2040,1166,
Electronic&InteractiveToys,Electric Burger Set,220307,YS1715932,1715932,60820-9D,"Electric Burger Set (light, sound)","Electric Burger Set (light, sound)",Window Box,18,0,98.0,35.5,96.0,34.0,16.0,31.0,0.334,11.79,17.0,15.0,USD $51.30,51.3,51.3,51.3,,4.345,1840,18,0,"1715932, 60820-9D, Window Box","Electronic&InteractiveToys/Electric Burger Set/220307/Electric Burger Set (light, sound)/image/Electric Burger Set (light, sound).jpg","Electronic&InteractiveToys/Electric Burger Set/220307/Electric Burger Set (light, sound)/Electric Burger Set (light, sound).md",1715932-60820-9D-220307-1840,60820-9D,
Electronic&InteractiveToys,Electric Burger Set,220307,YS1715931,1715931,60820-9C,"Electric Burger Set (light, sound)","Electric Burger Set (light, sound)",Color Box,24,2,82.0,39.0,92.0,35.6,13.0,21.5,0.294,10.38,24.0,22.0,USD $42.60,42.6,42.6,42.6,,4.095,1839,24,2,"1715931, 60820-9C, Color Box","Electronic&InteractiveToys/Electric Burger Set/220307/Electric Burger Set (light, sound)/image/Electric Burger Set (light, sound).jpg","Electronic&InteractiveToys/Electric Burger Set/220307/Electric Burger Set (light, sound)/Electric Burger Set (light, sound).md",1715931-60820-9C-220307-1839,60820-9C,
Electronic&InteractiveToys,Witch Hunting Girl Group K-POP Spot 18-Inch 17-Joint 8D Real-Eye Portable Blind Box Packaging With Light Music Theme Song Rumi Zoimira Vinyl Doll,230326-230327,YS1762339,1762339,LMNT6-A,Witch Hunting Girl Group K-POP Spot 18-Inch 17-Joint 8D Real-Eye Portable Blind Box Packaging With Light Music Theme Song Rumi Zoimira Vinyl Doll,Witch Hunting Girl Group K-POP Spot 18-Inch 17-Joint 8D Real-Eye Portable Blind Box Packaging With Light Music Theme Song Rumi Zoimira Vinyl Doll,Blind Box,72,2,95.0,38.0,103.0,11.0,7.5,48.0,0.372,13.12,33.0,31.0,USD $56.70,56.7,56.7,56.7,,4.32,2854,72,2,"1762339, LMNT6-A, Blind Box",Electronic&InteractiveToys/Witch Hunting Girl Group K-POP Spot 18-Inch 17-Joint 8D Real-Eye Portable Blind/230326-230327/Witch Hunting Girl Group K-POP Spot 18-Inch 17-Joint 8D Real-Eye Portable Blind/image/Witch Hunting Girl Group K-POP Spot 18-Inch 17-Joint 8D Real-Eye Portable Blind.jpg,Electronic&InteractiveToys/Witch Hunting Girl Group K-POP Spot 18-Inch 17-Joint 8D Real-Eye Portable Blind/230326-230327/Witch Hunting Girl Group K-POP Spot 18-Inch 17-Joint 8D Real-Eye Portable Blind/Witch Hunting Girl Group K-POP Spot 18-Inch 17-Joint 8D Real-Eye Portable Blind.md,1762339-LMNT6-A-230326-230327-2854,LMNT6-A,
Electronic&InteractiveToys,Witch Hunting Girl Group K-POP Spot 18-Inch 17-Joint 8D Real-Eye Portable Blind Box Packaging With Light Music Theme Song Rumi Zoimira Vinyl Doll,230326-230327,YS1762340,1762340,LMNT6-B,Witch Hunting Girl Group K-POP Spot 18-Inch 17-Joint 8D Real-Eye Portable Blind Box Packaging With Light Music Theme Song Rumi Zoimira Vinyl Doll,Witch Hunting Girl Group K-POP Spot 18-Inch 17-Joint 8D Real-Eye Portable Blind Box Packaging With Light Music Theme Song Rumi Zoimira Vinyl Doll,Blind Box,72,2,95.0,38.0,103.0,11.0,7.5,48.0,0.372,13.12,33.0,31.0,USD $56.70,56.7,56.7,56.7,,4.32,2855,72,2,"1762340, LMNT6-B, Blind Box",Electronic&InteractiveToys/Witch Hunting Girl Group K-POP Spot 18-Inch 17-Joint 8D Real-Eye Portable Blind/230326-230327/Witch Hunting Girl Group K-POP Spot 18-Inch 17-Joint 8D Real-Eye Portable Blind/image/Witch Hunting Girl Group K-POP Spot 18-Inch 17-Joint 8D Real-Eye Portable Blind.jpg,Electronic&InteractiveToys/Witch Hunting Girl Group K-POP Spot 18-Inch 17-Joint 8D Real-Eye Portable Blind/230326-230327/Witch Hunting Girl Group K-POP Spot 18-Inch 17-Joint 8D Real-Eye Portable Blind/Witch Hunting Girl Group K-POP Spot 18-Inch 17-Joint 8D Real-Eye Portable Blind.md,1762340-LMNT6-B-230326-230327-2855,LMNT6-B,
Electronic&InteractiveToys,Witch Hunting Girl Group K-POP Spot 18-Inch 17-Joint 8D Real-Eye Portable Blind Box Packaging With Light Music Theme Song Rumi Zoimira Vinyl Doll,230326-230327,YS1762341,1762341,LMNT6-C,Witch Hunting Girl Group K-POP Spot 18-Inch 17-Joint 8D Real-Eye Portable Blind Box Packaging With Light Music Theme Song Rumi Zoimira Vinyl Doll,Witch Hunting Girl Group K-POP Spot 18-Inch 17-Joint 8D Real-Eye Portable Blind Box Packaging With Light Music Theme Song Rumi Zoimira Vinyl Doll,Blind Box,72,2,95.0,38.0,103.0,11.0,7.5,48.0,0.372,13.12,33.0,31.0,USD $56.70,56.7,56.7,56.7,,4.32,2856,72,2,"1762341, LMNT6-C, Blind Box",Electronic&InteractiveToys/Witch Hunting Girl Group K-POP Spot 18-Inch 17-Joint 8D Real-Eye Portable Blind/230326-230327/Witch Hunting Girl Group K-POP Spot 18-Inch 17-Joint 8D Real-Eye Portable Blind/image/Witch Hunting Girl Group K-POP Spot 18-Inch 17-Joint 8D Real-Eye Portable Blind.jpg,Electronic&InteractiveToys/Witch Hunting Girl Group K-POP Spot 18-Inch 17-Joint 8D Real-Eye Portable Blind/230326-230327/Witch Hunting Girl Group K-POP Spot 18-Inch 17-Joint 8D Real-Eye Portable Blind/Witch Hunting Girl Group K-POP Spot 18-Inch 17-Joint 8D Real-Eye Portable Blind.md,1762341-LMNT6-C-230326-230327-2856,LMNT6-C,
Electronic&InteractiveToys,"Press Train Trailer With Light, Music And Electricity Included",120412,YS1702419,1702419,8061A-12,"Press Train Trailer With Light, Music And Electricity Included","Press Train Trailer With Light, Music And Electricity Included",Window Box,36,0,89.0,42.0,55.5,40.5,10.0,13.5,0.207,7.32,17.8,15.8,USD $31.00,31.0,31.0,31.0,,4.229,1613,36,0,"1702419, 8061A-12, Window Box","Electronic&InteractiveToys/Press Train Trailer With Light, Music And Electricity Included/120412/Press Train Trailer With Light, Music And Electricity Included/image/Press Train Trailer With Light, Music And Electricity Included.jpg","Electronic&InteractiveToys/Press Train Trailer With Light, Music And Electricity Included/120412/Press Train Trailer With Light, Music And Electricity Included/Press Train Trailer With Light, Music And Electricity Included.md",1702419-8061A-12-120412-1613,8061A-12,
Electronic&InteractiveToys,"Press Train Trailer With Light, Music And Electricity Included",120412,YS1702419,1702419,8061A-12,"Press Train Trailer With Light, Music And Electricity Included","Press Train Trailer With Light, Music And Electricity Included",Window Box,36,0,89.0,42.0,55.5,40.5,10.0,13.5,0.207,7.32,17.8,15.8,USD $31.00,31.0,31.0,31.0,,4.229,1612,36,0,"1702419, 8061A-12, Window Box","Electronic&InteractiveToys/Press Train Trailer With Light, Music And Electricity Included/120412/Press Train Trailer With Light, Music And Electricity Included/image/Press Train Trailer With Light, Music And Electricity Included.jpg","Electronic&InteractiveToys/Press Train Trailer With Light, Music And Electricity Included/120412/Press Train Trailer With Light, Music And Electricity Included/Press Train Trailer With Light, Music And Electricity Included.md",1702419-8061A-12-120412-1612,8061A-12,
Electronic&InteractiveToys,Witch Hunters K-POP 22-Inch 17-Joint 4D Eye With Light And Music,230623-230624,YS1762630,1762630,LM22B2,Witch Hunters K-POP 22-Inch 17-Joint 4D Eye With Light And Music,Witch Hunters K-POP 22-Inch 17-Joint 4D Eye With Light And Music,Window Box,48,2,94.0,65.0,61.0,15.0,7.5,58.5,0.373,13.15,28.0,25.0,USD $55.10,55.1,55.1,55.1,,4.186,2867,48,2,"1762630, LM22B2, Window Box",Electronic&InteractiveToys/Witch Hunters K-POP 22-Inch 17-Joint 4D Eye With Light And Music/230623-230624/Witch Hunters K-POP 22-Inch 17-Joint 4D Eye With Light And Music/image/Witch Hunters K-POP 22-Inch 17-Joint 4D Eye With Light And Music.jpg,Electronic&InteractiveToys/Witch Hunters K-POP 22-Inch 17-Joint 4D Eye With Light And Music/230623-230624/Witch Hunters K-POP 22-Inch 17-Joint 4D Eye With Light And Music/Witch Hunters K-POP 22-Inch 17-Joint 4D Eye With Light And Music.md,1762630-LM22B2-230623-230624-2867,LM22B2,
Electronic&InteractiveToys,Witch Hunters K-POP 22-Inch 17-Joint 4D Eye With Light And Music,230623-230624,YS1762632,1762632,LM22B4,Witch Hunters K-POP 22-Inch 17-Joint 4D Eye With Light And Music,Witch Hunters K-POP 22-Inch 17-Joint 4D Eye With Light And Music,Window Box,48,2,94.0,65.0,61.0,15.0,7.5,58.5,0.373,13.15,28.0,25.0,USD $48.70,48.7,48.7,48.7,,3.697,2869,48,2,"1762632, LM22B4, Window Box",Electronic&InteractiveToys/Witch Hunters K-POP 22-Inch 17-Joint 4D Eye With Light And Music/230623-230624/Witch Hunters K-POP 22-Inch 17-Joint 4D Eye With Light And Music/image/Witch Hunters K-POP 22-Inch 17-Joint 4D Eye With Light And Music.jpg,Electronic&InteractiveToys/Witch Hunters K-POP 22-Inch 17-Joint 4D Eye With Light And Music/230623-230624/Witch Hunters K-POP 22-Inch 17-Joint 4D Eye With Light And Music/Witch Hunters K-POP 22-Inch 17-Joint 4D Eye With Light And Music.md,1762632-LM22B4-230623-230624-2869,LM22B4,
Electronic&InteractiveToys,Stitch Electric Music Fishing Tray,220302A,YS1728640,1728640,5207,Stitch Electric Music Fishing Tray (15 fish),Stitch Electric Music Fishing Tray (15 fish),Window Box,72,2,71.5,35.5,76.0,23.5,17.7,5.4,0.193,6.81,25.0,23.0,USD $28.20,28.2,28.2,28.2,,4.13,2083,72,2,"1728640, 5207, Window Box",Electronic&InteractiveToys/Stitch Electric Music Fishing Tray/220302A/Stitch Electric Music Fishing Tray (15 fish)/image/Stitch Electric Music Fishing Tray (15 fish).jpg,Electronic&InteractiveToys/Stitch Electric Music Fishing Tray/220302A/Stitch Electric Music Fishing Tray (15 fish)/Stitch Electric Music Fishing Tray (15 fish).md,1728640-5207-220302A-2083,5207,
Electronic&InteractiveToys,"Electric Spray Ridgeback, With Lights, Sounds, Automatic Forward Motion, Spray Function, Comes With A Water Bottle,",241011,YS1755959,1755959,8895,"Electric Spray Ridgeback, With Lights, Sounds, Automatic Forward Motion, Spray Function, Comes With A Water Bottle, (single color).","Electric Spray Ridgeback, With Lights, Sounds, Automatic Forward Motion, Spray Function, Comes With A Water Bottle, (single color).",Sealed Box,48,2,82.0,35.5,89.0,30.0,11.0,21.5,0.259,9.14,18.0,15.0,USD $37.50,37.5,37.5,37.5,,4.102,2707,48,2,"1755959, 8895, Sealed Box","Electronic&InteractiveToys/Electric Spray Ridgeback, With Lights, Sounds, Automatic Forward Motion, Spray F/241011/Electric Spray Ridgeback, With Lights, Sounds, Automatic Forward Motion, Spray F/image/Electric Spray Ridgeback, With Lights, Sounds, Automatic Forward Motion, Spray F.jpg","Electronic&InteractiveToys/Electric Spray Ridgeback, With Lights, Sounds, Automatic Forward Motion, Spray F/241011/Electric Spray Ridgeback, With Lights, Sounds, Automatic Forward Motion, Spray F/Electric Spray Ridgeback, With Lights, Sounds, Automatic Forward Motion, Spray F.md",1755959-8895-241011-2707,8895,
Electronic&InteractiveToys,Rattle Set,240812-240813,YS1745927,1745927,2572,Rattle Set (4 styles),Rattle Set (4 styles),Window Box,36,0,87.0,34.0,66.5,29.0,8.0,21.5,0.197,6.94,12.0,9.0,USD $28.40,28.4,28.4,28.4,,4.084,2452,36,0,"1745927, 2572, Window Box",Electronic&InteractiveToys/Rattle Set/240812-240813/Rattle Set (4 styles)/image/Rattle Set (4 styles).jpg,Electronic&InteractiveToys/Rattle Set/240812-240813/Rattle Set (4 styles)/Rattle Set (4 styles).md,1745927-2572-240812-240813-2452,2572,
Electronic&InteractiveToys,Rattle Set,240812-240813,YS1745926,1745926,2571,Rattle Set (4 styles),Rattle Set (4 styles),Window Box,36,0,87.0,34.0,66.5,29.0,8.0,21.5,0.197,6.94,12.0,9.0,USD $27.30,27.3,27.3,27.3,,3.927,2451,36,0,"1745926, 2571, Window Box",Electronic&InteractiveToys/Rattle Set/240812-240813/Rattle Set (4 styles)/image/Rattle Set (4 styles).jpg,Electronic&InteractiveToys/Rattle Set/240812-240813/Rattle Set (4 styles)/Rattle Set (4 styles).md,1745926-2571-240812-240813-2451,2571,
Electronic&InteractiveToys,Rattle Set,240812-240813,YS1745925,1745925,2570,Rattle Set (4 styles),Rattle Set (4 styles),Window Box,36,0,87.0,34.0,66.5,29.0,8.0,21.5,0.197,6.94,12.0,9.0,USD $26.20,26.2,26.2,26.2,,3.769,2450,36,0,"1745925, 2570, Window Box",Electronic&InteractiveToys/Rattle Set/240812-240813/Rattle Set (4 styles)/image/Rattle Set (4 styles).jpg,Electronic&InteractiveToys/Rattle Set/240812-240813/Rattle Set (4 styles)/Rattle Set (4 styles).md,1745925-2570-240812-240813-2450,2570,
Electronic&InteractiveToys,Electric Music Fishing,220109-220110,YS1742880,1742880,FJ5028-1B,Electric Music Fishing,Electric Music Fishing,Window Box,84,2,62.0,34.0,80.0,18.5,4.4,19.6,0.169,5.95,28.0,25.0,USD $24.20,24.2,24.2,24.2,,4.067,2350,84,2,"1742880, FJ5028-1B, Window Box",Electronic&InteractiveToys/Electric Music Fishing/220109-220110/Electric Music Fishing/image/Electric Music Fishing.jpg,Electronic&InteractiveToys/Electric Music Fishing/220109-220110/Electric Music Fishing/Electric Music Fishing.md,1742880-FJ5028-1B-220109-220110-2350,FJ5028-1B,
Electronic&InteractiveToys,Electric Music Fishing,220109-220110,YS1742879,1742879,FJ5028-1A,Electric Music Fishing,Electric Music Fishing,Window Box,84,2,62.0,34.0,80.0,18.5,4.4,19.6,0.169,5.95,28.0,25.0,USD $21.40,21.4,21.4,21.4,,3.591,2349,84,2,"1742879, FJ5028-1A, Window Box",Electronic&InteractiveToys/Electric Music Fishing/220109-220110/Electric Music Fishing/image/Electric Music Fishing.jpg,Electronic&InteractiveToys/Electric Music Fishing/220109-220110/Electric Music Fishing/Electric Music Fishing.md,1742879-FJ5028-1A-220109-220110-2349,FJ5028-1A,
Electronic&InteractiveToys,Electric Music Fishing,220109-220110,YS1742881,1742881,FJ5028-1C,Electric Music Fishing,Electric Music Fishing,Window Box,84,2,62.0,34.0,80.0,18.5,4.4,19.6,0.169,5.95,28.0,25.0,USD $21.40,21.4,21.4,21.4,,3.591,2351,84,2,"1742881, FJ5028-1C, Window Box",Electronic&InteractiveToys/Electric Music Fishing/220109-220110/Electric Music Fishing/image/Electric Music Fishing.jpg,Electronic&InteractiveToys/Electric Music Fishing/220109-220110/Electric Music Fishing/Electric Music Fishing.md,1742881-FJ5028-1C-220109-220110-2351,FJ5028-1C,
Electronic&InteractiveToys,Cow Light Music Cartoon Electronic Keyboard,120240-120241-120242-120243,YS1727756,1727756,807,Cow Light Music Cartoon Electronic Keyboard,Cow Light Music Cartoon Electronic Keyboard,Sealed Box,60,2,83.5,38.5,92.0,26.8,7.0,21.4,0.296,10.44,26.0,23.0,USD $39.30,39.3,39.3,39.3,,3.759,2067,60,2,"1727756, 807, Sealed Box",Electronic&InteractiveToys/Cow Light Music Cartoon Electronic Keyboard/120240-120241-120242-120243/Cow Light Music Cartoon Electronic Keyboard/image/Cow Light Music Cartoon Electronic Keyboard.jpg,Electronic&InteractiveToys/Cow Light Music Cartoon Electronic Keyboard/120240-120241-120242-120243/Cow Light Music Cartoon Electronic Keyboard/Cow Light Music Cartoon Electronic Keyboard.md,1727756-807-120240-120241-120242-120243-2067,807,
Electronic&InteractiveToys,Spanish Cow Light Music Cartoon Electronic Keyboard,120240-120241-120242-120243,YS1727755,1727755,XW807,Spanish Cow Light Music Cartoon Electronic Keyboard,Spanish Cow Light Music Cartoon Electronic Keyboard,Sealed Box,60,2,83.5,38.5,92.0,26.8,7.0,21.4,0.296,10.44,26.0,23.0,USD $39.30,39.3,39.3,39.3,,3.759,2066,60,2,"1727755, XW807, Sealed Box",Electronic&InteractiveToys/Spanish Cow Light Music Cartoon Electronic Keyboard/120240-120241-120242-120243/Spanish Cow Light Music Cartoon Electronic Keyboard/image/Spanish Cow Light Music Cartoon Electronic Keyboard.jpg,Electronic&InteractiveToys/Spanish Cow Light Music Cartoon Electronic Keyboard/120240-120241-120242-120243/Spanish Cow Light Music Cartoon Electronic Keyboard/Spanish Cow Light Music Cartoon Electronic Keyboard.md,1727755-XW807-120240-120241-120242-120243-2066,XW807,
Electronic&InteractiveToys,Electric Spray Sound And Light Gun,150107-150112,YS1713633,1713633,CH-197,Electric Spray Sound And Light Gun,Electric Spray Sound And Light Gun,Sealed Box,60,2,76.0,43.0,95.0,45.5,5.0,20.5,0.31,10.96,27.0,25.0,USD $40.20,40.2,40.2,40.2,,3.66,1791,60,2,"1713633, CH-197, Sealed Box",Electronic&InteractiveToys/Electric Spray Sound And Light Gun/150107-150112/Electric Spray Sound And Light Gun/image/Electric Spray Sound And Light Gun.jpg,Electronic&InteractiveToys/Electric Spray Sound And Light Gun/150107-150112/Electric Spray Sound And Light Gun/Electric Spray Sound And Light Gun.md,1713633-CH-197-150107-150112-1791,CH-197,
Electronic&InteractiveToys,Electric Spray Sound And Light Gun,150107-150112,YS1713632,1713632,CH-195,Electric Spray Sound And Light Gun,Electric Spray Sound And Light Gun,Sealed Box,60,2,85.0,42.0,90.0,40.5,5.5,21.5,0.321,11.34,28.5,26.5,USD $40.60,40.6,40.6,40.6,,3.576,1790,60,2,"1713632, CH-195, Sealed Box",Electronic&InteractiveToys/Electric Spray Sound And Light Gun/150107-150112/Electric Spray Sound And Light Gun/image/Electric Spray Sound And Light Gun.jpg,Electronic&InteractiveToys/Electric Spray Sound And Light Gun/150107-150112/Electric Spray Sound And Light Gun/Electric Spray Sound And Light Gun.md,1713632-CH-195-150107-150112-1790,CH-195,
Electronic&InteractiveToys,Electric Spray Sound And Light Gun,150107-150112,YS1713631,1713631,CH-193,Electric Spray Sound And Light Gun,Electric Spray Sound And Light Gun,Sealed Box,60,2,85.0,42.0,90.0,40.5,5.5,21.5,0.321,11.34,27.5,25.5,USD $39.70,39.7,39.7,39.7,,3.499,1789,60,2,"1713631, CH-193, Sealed Box",Electronic&InteractiveToys/Electric Spray Sound And Light Gun/150107-150112/Electric Spray Sound And Light Gun/image/Electric Spray Sound And Light Gun.jpg,Electronic&InteractiveToys/Electric Spray Sound And Light Gun/150107-150112/Electric Spray Sound And Light Gun/Electric Spray Sound And Light Gun.md,1713631-CH-193-150107-150112-1789,CH-193,
Electronic&InteractiveToys,Educational Assembly Toy With Light Projection World 383PCS,813007,YS1707942,1707942,GT-159,Educational Assembly Toy With Light Projection World 383PCS,Educational Assembly Toy With Light Projection World 383PCS,Color Box,36,2,101.0,39.0,103.0,47.5,32.0,6.0,0.406,14.32,28.0,26.0,USD $51.30,51.3,51.3,51.3,,3.578,1694,36,2,"1707942, GT-159, Color Box",Electronic&InteractiveToys/Educational Assembly Toy With Light Projection World 383PCS/813007/Educational Assembly Toy With Light Projection World 383PCS/image/Educational Assembly Toy With Light Projection World 383PCS.jpg,Electronic&InteractiveToys/Educational Assembly Toy With Light Projection World 383PCS/813007/Educational Assembly Toy With Light Projection World 383PCS/Educational Assembly Toy With Light Projection World 383PCS.md,1707942-GT-159-813007-1694,GT-159,
Electronic&InteractiveToys,Educational Assembly Toy With Light Projection World 383PCS,813007,YS1707944,1707944,GT-161,Educational Assembly Toy With Light Projection World 383PCS,Educational Assembly Toy With Light Projection World 383PCS,Color Box,36,2,101.0,39.0,103.0,47.5,32.0,6.0,0.406,14.32,28.0,26.0,USD $51.30,51.3,51.3,51.3,,3.578,1696,36,2,"1707944, GT-161, Color Box",Electronic&InteractiveToys/Educational Assembly Toy With Light Projection World 383PCS/813007/Educational Assembly Toy With Light Projection World 383PCS/image/Educational Assembly Toy With Light Projection World 383PCS.jpg,Electronic&InteractiveToys/Educational Assembly Toy With Light Projection World 383PCS/813007/Educational Assembly Toy With Light Projection World 383PCS/Educational Assembly Toy With Light Projection World 383PCS.md,1707944-GT-161-813007-1696,GT-161,
Electronic&InteractiveToys,Educational Assembly Toy With Light Projection World 384PCS,813007,YS1707943,1707943,GT-160,Educational Assembly Toy With Light Projection World 384PCS,Educational Assembly Toy With Light Projection World 384PCS,Color Box,36,2,101.0,39.0,103.0,47.5,32.0,6.0,0.406,14.32,28.0,26.0,USD $51.30,51.3,51.3,51.3,,3.578,1695,36,2,"1707943, GT-160, Color Box",Electronic&InteractiveToys/Educational Assembly Toy With Light Projection World 384PCS/813007/Educational Assembly Toy With Light Projection World 384PCS/image/Educational Assembly Toy With Light Projection World 384PCS.jpg,Electronic&InteractiveToys/Educational Assembly Toy With Light Projection World 384PCS/813007/Educational Assembly Toy With Light Projection World 384PCS/Educational Assembly Toy With Light Projection World 384PCS.md,1707943-GT-160-813007-1695,GT-160,
Electronic&InteractiveToys,Educational Assembly Toy With Light Projection World 384PCS,813007,YS1707945,1707945,GT-162,Educational Assembly Toy With Light Projection World 384PCS,Educational Assembly Toy With Light Projection World 384PCS,Color Box,36,2,101.0,39.0,103.0,47.5,32.0,6.0,0.406,14.32,28.0,26.0,USD $51.30,51.3,51.3,51.3,,3.578,1697,36,2,"1707945, GT-162, Color Box",Electronic&InteractiveToys/Educational Assembly Toy With Light Projection World 384PCS/813007/Educational Assembly Toy With Light Projection World 384PCS/image/Educational Assembly Toy With Light Projection World 384PCS.jpg,Electronic&InteractiveToys/Educational Assembly Toy With Light Projection World 384PCS/813007/Educational Assembly Toy With Light Projection World 384PCS/Educational Assembly Toy With Light Projection World 384PCS.md,1707945-GT-162-813007-1697,GT-162,
Electronic&InteractiveToys,Rattle Soft Rubber,220506,YS1710341,1710341,898-Y26,Rattle Soft Rubber,Rattle Soft Rubber,Window Box,120,0,60.5,37.0,59.5,19.8,7.2,7.2,0.133,4.7,16.8,15.6,USD $16.60,16.6,16.6,16.6,,3.525,1730,120,0,"1710341, 898-Y26, Window Box",Electronic&InteractiveToys/Rattle Soft Rubber/220506/Rattle Soft Rubber/image/Rattle Soft Rubber.jpg,Electronic&InteractiveToys/Rattle Soft Rubber/220506/Rattle Soft Rubber/Rattle Soft Rubber.md,1710341-898-Y26-220506-1730,898-Y26,
Electronic&InteractiveToys,Ride Lina Bell On The Electric Colorful Lighting Big Wheel,210403,YS1732912,1732912,6088-8,Ride Lina Bell On The Electric Colorful Lighting Big Wheel (with lights and music),Ride Lina Bell On The Electric Colorful Lighting Big Wheel (with lights and music),Color Box,72,2,99.0,36.0,67.0,15.8,11.0,15.0,0.239,8.43,28.0,25.0,USD $29.50,29.5,29.5,29.5,,3.491,2141,72,2,"1732912, 6088-8, Color Box",Electronic&InteractiveToys/Ride Lina Bell On The Electric Colorful Lighting Big Wheel/210403/Ride Lina Bell On The Electric Colorful Lighting Big Wheel (with lights and musi/image/Ride Lina Bell On The Electric Colorful Lighting Big Wheel (with lights and musi.jpg,Electronic&InteractiveToys/Ride Lina Bell On The Electric Colorful Lighting Big Wheel/210403/Ride Lina Bell On The Electric Colorful Lighting Big Wheel (with lights and musi/Ride Lina Bell On The Electric Colorful Lighting Big Wheel (with lights and musi.md,1732912-6088-8-210403-2141,6088-8,
